22
PROCESS1 0 3 5 10 4 30 3 40 2 50 1 10
PROCESS2 0 1 3 14 3 6 3 12
PROCESS3 1 2 5 10 4 30 3 40 2 50 1 10
PROCESS4 2 3 3 14 3 6 3 12
PROCESS5 3 4 3 14 3 6 3 12
PROCESS6 4 1 5 10 4 30 3 40 2 50 1 10
PROCESS7 4 1 3 14 3 6 3 12
PROCESS8 4 2 3 14 3 6 3 12
PROCESS9 4 2 5 10 4 30 3 40 2 50 1 10
PROCESS10 5 4 5 10 4 30 3 40 2 50 1 10
PROCESS11 6 3 5 10 4 30 3 40 2 50 1 10
PROCESS12 7 4 3 14 3 6 3 12
PROCESS13 10 2 3 14 3 6 3 12
PROCESS14 12 1 3 14 3 6 3 12
PROCESS15 13 3 5 10 4 30 3 40 2 50 1 10
PROCESS16 13 3 3 14 3 6 3 12
PROCESS17 13 4 5 10 4 30 3 40 2 50 1 10
PROCESS18 14 2 3 14 3 6 3 12
PROCESS19 15 1 5 10 4 30 3 40 2 50 1 10
PROCESS20 16 2 3 14 3 6 3 12
PROCESS21 20 3 5 10 4 30 3 40 2 50 1 10
PROCESS22 21 4 3 14 3 6 3 12
